853 2
0.0000000000 0.0000000000
0.0000000000 0.1250000000
0.0000000000 0.2500000000
0.0000000000 0.3750000000
0.0000000000 0.5000000000
0.0000000000 0.6250000000
0.0000000000 0.7500000000
0.0000000000 0.8750000000
0.0000000000 1.0000000000
0.0000000000 1.1250000000
0.0000000000 1.2500000000
0.0000000000 1.3750000000
0.0000000000 1.5000000000
0.0000000000 1.6250000000
0.0000000000 1.7500000000
0.0000000000 1.8750000000
0.0000000000 2.0000000000
0.1460792847 0.8156639480
0.1477085011 1.1812349651
0.1510643160 0.9984564549
0.1536450866 1.5109590015
0.1562500000 0.0000000000
0.1562500000 2.0000000000
0.1565392885 0.6501994705
0.1567587563 0.4822155648
0.1582330244 1.3445446066
0.1636877610 1.6815688508
0.1651148301 1.8463771311
0.1711876838 0.1534607739
0.1718788205 0.3123809938
0.2692736146 0.8839440005
0.2703142724 1.1130816288
0.2990655376 0.7301434768
0.3047897844 1.2673924495
0.3112885266 1.5953368602
0.3125000000 0.0000000000
0.3125000000 2.0000000000
0.3131047568 0.5675270250
0.3132598125 1.4270471550
0.3159013405 1.7783429912
0.3211241080 0.3971741389
0.3390142715 0.2049655983
0.3495031107 0.9996083598
0.4244398093 0.8498892971
0.4266901829 1.1521525160
0.4551041493 0.6865420212
0.4621545866 1.6614450691
0.4662575606 1.4880190286
0.4683328945 1.3185802347
0.4687500000 0.0000000000
0.4687500000 2.0000000000
0.4700180419 1.8353975111
0.4748974561 0.5153647832
0.4751932737 0.3400429922
0.5080883448 0.1629087794
0.5104826538 1.0015597023
0.5785951496 0.8335634760
0.5819224769 1.1695617774
0.6083580762 0.6576552939
0.6147929477 1.5349376366
0.6190859497 1.7132786305
0.6250000000 0.0000000000
0.6250000000 2.0000000000
0.6281598292 0.2937454588
0.6360967575 1.8689956976
0.6393914429 1.3422687672
0.6419106011 0.4807378114
0.6652783874 1.0002261226
0.6698637194 0.1399961543
0.7397396593 0.8346546991
0.7411675743 1.1622453374
0.7613466977 0.3529434340
0.7616317724 1.4604554452
0.7620237665 0.6665349927
0.7628232293 1.6272434734
0.7812500000 0.0000000000
0.7812500000 2.0000000000
0.7955204519 1.8186960764
0.8154656965 0.1841874150
0.8189333111 0.5008816361
0.8228794335 1.3156570954
0.8280809105 0.9925526144
0.8975648068 1.6879038870
0.9072531899 1.1588129823
0.9083772599 0.6436460029
0.9141867494 0.8190141693
0.9169435153 0.3375731352
0.9172552695 1.5109328816
0.9375000000 0.0000000000
0.9375000000 2.0000000000
0.9756744994 1.8400344861
0.9794952060 0.1726010649
0.9867996606 1.3349927794
0.9877444638 0.4906271244
0.9895255703 0.9932074268
1.0417440036 1.6674635493
1.0503471124 0.6716482237
1.0672538105 1.1675402172
1.0856268800 1.4979502032
1.0917317340 0.3272518075
1.0925946396 0.8406299466
1.0937500000 0.0000000000
1.0937500000 2.0000000000
1.1297566987 0.1477035766
1.1361400209 0.5146819059
1.1376928131 1.8307627114
1.1499937320 1.0078031121
1.1523563873 1.3342072249
1.1964615940 1.6621893255
1.2112002908 0.6965272187
1.2319084433 1.1779353045
1.2500000000 0.0000000000
1.2500000000 2.0000000000
1.2503811896 1.4954903415
1.2572649079 0.3836583031
1.2575337971 0.2141180401
1.2686099650 0.8615753203
1.2791363954 0.5480941100
1.2953515466 1.8297493996
1.2985651772 1.0326797138
1.3182391678 1.3309285779
1.3541283828 1.6642726796
1.3902443621 0.6558299295
1.4047013521 0.1340117816
1.4062500000 0.0000000000
1.4062500000 2.0000000000
1.4101767919 1.1634630170
1.4114514234 1.5012643939
1.4120258496 0.3003074695
1.4143671708 0.4734096477
1.4199027750 0.8124526930
1.4278403672 0.9684183818
1.4527813829 1.8318235806
1.4704702715 1.3418006520
1.5144230962 1.6677175970
1.5451245894 0.7165297890
1.5565102122 1.0522474054
1.5589974949 0.3909246704
1.5607451304 0.5625540600
1.5625000000 0.0000000000
1.5625000000 2.0000000000
1.5630047641 0.1967301456
1.5741189473 1.5127512781
1.5761456451 1.2121689486
1.5809425828 0.8716708771
1.6102670150 1.8270278632
1.6193652732 1.3724974894
1.6839800741 0.3149266660
1.6844915038 1.6530005854
1.7005930983 0.6848239575
1.7032084781 0.9804733656
1.7175465793 1.1205644245
1.7187500000 0.0000000000
1.7187500000 2.0000000000
1.7252112962 0.4906420333
1.7350550939 1.2871248655
1.7414679214 0.1552996075
1.7484247938 0.8449961483
1.7518816886 1.4781829877
1.7603719710 1.8171325244
1.8310089720 0.3258357560
1.8496852440 0.6275879061
1.8562486880 1.1626601096
1.8594927851 1.6435594221
1.8729978718 0.9852784856
1.8750000000 0.0000000000
1.8750000000 2.0000000000
1.8814022280 1.3280311617
1.8820338860 0.7890903239
1.8991477286 1.8189333308
1.9069419301 0.4833608146
1.9129247342 1.4753423039
1.9175070874 0.1649725176
1.9952697242 0.3262888149
1.9975713336 1.1834542859
2.0209394849 0.6727785761
2.0213236851 0.8626560471
2.0299554836 1.7131470497
2.0311129134 1.5574307100
2.0312500000 0.0000000000
2.0312500000 2.0000000000
2.0334063846 1.0288216660
2.0374757303 1.8777482447
2.0478523301 1.3456674428
2.0676629188 0.4925540500
2.0847897073 0.1624414167
2.1544557955 1.4675873561
2.1571219115 0.3211231517
2.1604637476 1.1501880481
2.1721844024 0.9563969164
2.1744526741 0.7871778461
2.1769184025 1.8134710456
2.1875000000 0.0000000000
2.1875000000 2.0000000000
2.1910350450 0.6219901883
2.1952449874 1.6390506374
2.2210172190 0.4630999333
2.2230863050 1.3176811518
2.2495510748 0.1691937447
2.2977263265 1.0418970031
2.3094520105 1.4846725451
2.3310164428 1.1868192266
2.3342444370 0.7179682264
2.3346642105 0.3419076468
2.3347762961 0.8828772568
2.3365415560 1.8115347314
2.3437500000 0.0000000000
2.3437500000 2.0000000000
2.3535486262 0.5337700467
2.3615356812 1.6362456081
2.3947575908 1.3459683092
2.4032938176 0.1633090352
2.4570417950 1.0196908349
2.4697048926 0.6415433287
2.4831361484 1.1870261826
2.4872809770 0.3107497884
2.4935760744 1.5066156063
2.4975433824 0.8121765860
2.5000000000 0.0000000000
2.5000000000 2.0000000000
2.5015708407 1.8627363658
2.5039860611 1.6967291175
2.5197985098 0.4740171902
2.5503721860 1.3273740181
2.5606344412 0.1587781052
2.5948843400 0.9490807620
2.6137819106 0.6564791172
2.6260333949 1.1149086024
2.6478823650 0.3199479653
2.6506149319 1.6110778283
2.6562500000 0.0000000000
2.6562500000 2.0000000000
2.6589247049 1.7890800161
2.6644021211 1.4346051506
2.6809286019 0.8106085481
2.6888029970 0.5030826952
2.6954448941 1.2670463878
2.7069985228 0.1488827830
2.7495811490 0.9771374528
2.7834386540 0.6643148839
2.7903468425 1.5168514708
2.7955589531 0.3698008301
2.8029823717 1.1449242238
2.8041525613 1.8611905668
2.8125000000 0.0000000000
2.8125000000 2.0000000000
2.8230765740 1.6869470225
2.8335546616 0.2051134225
2.8408510655 1.3348910124
2.8490912829 0.8225013125
2.8587451957 0.5172086438
2.9070350918 0.9941999821
2.9327793253 1.4908748746
2.9531695551 0.3272901592
2.9623563997 1.1695462784
2.9638998267 1.8261674550
2.9666942283 0.6621312379
2.9687500000 0.0000000000
2.9687500000 2.0000000000
2.9942719153 0.1576437562
2.9952788024 1.6494466417
2.9993530481 0.4734610055
3.0048957162 0.8378557450
3.0117940250 1.3281329543
3.0597794444 1.0217323916
3.0908443990 1.4882204622
3.1101113605 0.5483550609
3.1159955007 1.7772982806
3.1250000000 0.0000000000
3.1250000000 2.0000000000
3.1313859147 0.3461620396
3.1382651823 1.1838949939
3.1425141005 0.8760519375
3.1499110581 0.7103178274
3.1539872303 0.1595268267
3.1603038357 1.6176826292
3.1678809248 1.3546638067
3.2207412176 1.0132587058
3.2309183814 1.8584093090
3.2570217987 0.5365294931
3.2802238443 1.4902062612
3.2812500000 0.0000000000
3.2812500000 2.0000000000
3.2876603475 1.6922525827
3.2878796743 0.8458873132
3.2896047770 0.2148375098
3.2960410299 1.2879139775
3.2986620692 0.3877723268
3.3034178747 1.1384925548
3.3245107232 0.6830907415
3.3838230567 1.8369317614
3.3895028805 1.0000838143
3.4294116274 1.3424484329
3.4328004824 0.3113505070
3.4346881813 1.4900600455
3.4367741416 0.1369457085
3.4375000000 0.0000000000
3.4375000000 2.0000000000
3.4392913604 0.5149392215
3.4486972567 0.8469502415
3.4515164800 1.6645254196
3.4606755059 1.1733460323
3.4702202413 0.6914104846
3.5423965461 1.8344299668
3.5558342993 1.0027096495
3.5635674452 0.3843558934
3.5659665204 1.5253225440
3.5803855507 0.2160493363
3.5937500000 0.0000000000
3.5937500000 2.0000000000
3.5937704119 1.3444415849
3.5966915673 0.6607301141
3.6132427613 0.8322135916
3.6187970867 1.1632466072
3.6260680235 1.6831068188
3.6263467375 0.5198624521
3.7075704985 1.5204606347
3.7199188106 1.8364001767
3.7201899431 0.1767390715
3.7272273201 0.3590512546
3.7376490908 1.0289256082
3.7461811966 0.6965293889
3.7500000000 0.0000000000
3.7500000000 2.0000000000
3.7579610078 1.3688189811
3.7651908942 1.2131930248
3.7696078064 0.8642337085
3.7766815221 0.5216901432
3.7919085662 1.6747171396
3.8531781562 0.1343004140
3.8671811356 1.4973086232
3.8774044664 0.2879842465
3.8943983059 0.6181285541
3.9001676091 1.1214836474
3.9062500000 0.0000000000
3.9062500000 2.0000000000
3.9097146362 0.9470298028
3.9120131308 1.8261982247
3.9148282594 0.7750776675
3.9166851282 1.3189780931
3.9274562850 0.4521571382
3.9387263354 1.6502280821
4.0006141643 0.1559129719
4.0313780563 1.5016277365
4.0428123226 1.2062966209
4.0461044552 0.6423648149
4.0478979762 0.3152867241
4.0524578759 1.0222231288
4.0625000000 0.0000000000
4.0625000000 2.0000000000
4.0736062510 0.8419739962
4.0806003533 1.3664770050
4.0861963707 1.6597595878
4.0931568140 0.4766504827
4.0983834872 1.8355208809
4.1593548938 0.1672305256
4.1693819902 1.1294499581
4.1893680025 0.6901326798
4.2084694397 1.2949633343
4.2141930437 0.3430397282
4.2187500000 0.0000000000
4.2187500000 2.0000000000
4.2202578296 1.4860359916
4.2268781123 0.9798479583
4.2283251193 1.7044535998
4.2419330486 0.8260324098
4.2444033844 0.5300515229
4.2637911988 1.8616058143
4.3107634054 1.1558272470
4.3260664772 0.1924327532
4.3416392058 1.6120589309
4.3642891975 0.6972437448
4.3650047661 1.3192597667
4.3744120923 0.3740776378
4.3750000000 0.0000000000
4.3750000000 2.0000000000
4.3882503072 1.0249641470
4.3890584643 0.8768368020
4.3950853638 1.7859972318
4.4017494763 0.5346725079
4.4164141065 1.4743149689
4.4718828348 1.1668247604
4.4731647096 0.1406365457
4.4978543627 1.6482089327
4.5201357895 0.7949334609
4.5213908019 0.2890497753
4.5312500000 0.0000000000
4.5312500000 2.0000000000
4.5335717677 1.3286340419
4.5338745104 0.6245383700
4.5433725047 0.9903595195
4.5452954652 0.4481145971
4.5594260248 1.8330900261
4.5849993367 1.4952399507
4.6277523007 1.1693249864
4.6383356006 0.1648475089
4.6563740306 1.6731883799
4.6618251888 0.8690662916
4.6747171549 0.7131608007
4.6875000000 0.0000000000
4.6875000000 2.0000000000
4.6888619091 0.5340065440
4.6995697656 0.3456959270
4.7034636557 1.3446900137
4.7160289920 1.0137068988
4.7371721489 1.8325196953
4.7383612636 1.5195282481
4.7886788095 1.1693240061
4.8055469006 0.1639637288
4.8106214548 0.6574884154
4.8240666540 0.8349630419
4.8301509898 1.6671465968
4.8437500000 0.0000000000
4.8437500000 2.0000000000
4.8534823963 0.4909502947
4.8599186361 1.3171208798
4.8687870295 0.3132986403
4.8741865432 1.0036963432
4.8928003931 1.4863748293
4.9005726579 1.8313578124
4.9468089717 0.6934643854
4.9566735444 1.1698476427
4.9988657922 0.1758828783
5.0000000000 0.0000000000
5.0000000000 2.0000000000
5.0040062838 0.8518480025
5.0047381758 0.3870447559
5.0055844867 1.6736900582
5.0124475879 0.5427659307
5.0145843989 1.3292534413
5.0175856939 1.0233466158
5.0489626055 1.8528852317
5.0533381781 1.4944311523
5.1047895249 0.6734252900
5.1276793050 0.3064656011
5.1351147872 1.1455848553
5.1431874065 0.9661074051
5.1562500000 0.0000000000
5.1562500000 2.0000000000
5.1670223572 1.7799173810
5.1694065383 0.4862049653
5.1694413459 1.3115989084
5.1744648991 1.6185549197
5.1789340609 0.8201839697
5.1969905412 0.1601599104
5.2041447903 1.4621353646
5.2576197566 0.6565763818
5.2821607719 1.0181192097
5.2866934354 0.3320466450
5.3003378998 1.8702110552
5.3022444491 1.1960338426
5.3125000000 0.0000000000
5.3125000000 2.0000000000
5.3246309764 1.7049527260
5.3318975756 0.8289755983
5.3335581183 1.3647881872
5.3387222756 0.5004550721
5.3412917164 1.5414307493
5.3655873963 0.1714610681
5.4129536314 0.6740284871
5.4267593790 0.9557504565
5.4459212819 1.1064956983
5.4565652771 1.8144865232
5.4635610441 0.3556228265
5.4687500000 0.0000000000
5.4687500000 2.0000000000
5.4699504591 1.2672233577
5.4827772632 1.4435983291
5.4866217079 1.6326105663
5.4912236888 0.5278881966
5.5044809465 0.8207195019
5.5200171157 0.1768093057
5.5797287922 0.6711348229
5.5820436061 0.9872940823
5.6126589911 1.1511373692
5.6180333654 1.8253436618
5.6250000000 0.0000000000
5.6250000000 2.0000000000
5.6274930514 1.3226420607
5.6332013699 1.4901421482
5.6340848922 1.6490414179
5.6356053976 0.3138676026
5.6414859835 0.4920410521
5.6628860449 0.8432414565
5.6695504431 0.1417750518
5.7267626241 0.6799579204
5.7486513939 1.0211357457
5.7557844266 1.7209231828
5.7696151266 1.2078713172
5.7812500000 0.0000000000
5.7812500000 2.0000000000
5.7858502369 1.5547595482
5.7874510130 1.3879708711
5.7914601452 0.2254182263
5.7943706982 0.5413971996
5.7966042255 0.3881711227
5.8083301878 1.8583687640
5.8135645469 0.8309870997
5.8923708885 0.6728470939
5.8965488249 0.9619451403
5.9027700581 1.6766787971
5.9100447409 0.1436173615
5.9183186181 1.1192326956
5.9250495207 1.2880682301
5.9375000000 0.0000000000
5.9375000000 2.0000000000
5.9467135011 1.4903103229
5.9489540303 0.4987686069
5.9569906944 0.3154070551
5.9797239263 0.8212462788
5.9837102990 1.8350904501
6.0479319079 0.9973710112
6.0509255080 0.6599455036
6.0573263755 1.3534542338
6.0573272119 1.6656668634
6.0743775505 0.1558788661
6.0937500000 0.0000000000
6.0937500000 2.0000000000
6.0951080568 1.1762372227
6.1148835361 0.4941671160
6.1186357558 0.3214328682
6.1262873397 1.5056277109
6.1307708513 0.8410315917
6.1488990490 1.8312307984
6.2051849787 1.0104439698
6.2067494338 0.6889454304
6.2075387909 1.3328517793
6.2224133067 1.6651738740
6.2426989893 0.2030395085
6.2500000000 0.0000000000
6.2500000000 2.0000000000
6.2659197066 0.3902518298
6.2737019755 0.5488424490
6.2780148230 1.1682260582
6.2896681457 0.8454712035
6.2910931513 1.4966932935
6.3117592314 1.8303516702
6.3697744015 1.3273118845
6.3726547729 1.0046963967
6.3802059129 0.6782573191
6.3884114189 0.1324956641
6.3890290758 1.6605636763
6.3954406316 0.3018096531
6.4062500000 0.0000000000
6.4062500000 2.0000000000
6.4281723405 0.4905961238
6.4435203078 0.8393338224
6.4493339620 1.1589749424
6.4504951151 1.4927541708
6.4713542869 1.8252268237
6.5320278310 1.3211526802
6.5380509609 0.1908327662
6.5449156129 0.3507852641
6.5461161146 0.9913949202
6.5485356834 0.6417305985
6.5625000000 0.0000000000
6.5625000000 2.0000000000
6.5651110034 1.6516427122
6.5761086479 0.8057892851
6.5964366646 1.4757222053
6.6002113622 0.4855527219
6.6110426231 1.1677771502
6.6230281965 1.8333254832
6.6779667073 0.1591672267
6.6959477122 0.8841347073
6.7061089896 1.3487037253
6.7122210226 0.7196261046
6.7148362944 1.0265124566
6.7183479215 0.3430760920
6.7187500000 0.0000000000
6.7187500000 2.0000000000
6.7310567941 1.5365751637
6.7354919500 0.5503976022
6.7358260886 1.7026915190
6.7657538511 1.1837693299
6.7742265083 1.8627247744
6.8316437352 0.1649357725
6.8518716614 0.8601987184
6.8601509274 0.6831666405
6.8654607612 1.3141949120
6.8703478227 1.0431872987
6.8750000000 0.0000000000
6.8750000000 2.0000000000
6.8757490227 1.4494875590
6.8859088849 1.6176067821
6.8867765737 0.3212231045
6.8921995548 0.4945189427
6.8997353727 1.7899785702
6.9268234278 1.1912228541
6.9891637326 0.9579287635
6.9909810632 0.6505906302
7.0091929328 0.1861644638
7.0287211321 1.5116417126
7.0312500000 0.0000000000
7.0312500000 2.0000000000
7.0330977598 0.8075235185
7.0390262502 0.3732729739
7.0420531957 1.6896908190
7.0428655589 1.1177346940
7.0447394424 1.3140999769
7.0477895280 1.8631421775
7.0586807728 0.5229368857
7.1407723013 0.9687351832
7.1466258061 0.6657530248
7.1691050635 1.4366240738
7.1734435275 0.2905801768
7.1760453038 0.1321404815
7.1875000000 0.0000000000
7.1875000000 2.0000000000
7.1882169428 1.5994603700
7.1930439208 1.1335997860
7.1955797554 1.7802963654
7.2082619506 0.4875731630
7.2134728698 0.8223361137
7.2254794869 1.2909366867
7.2982327614 0.6601197354
7.3089535218 0.9838531275
7.3126764993 0.3552275729
7.3341182266 1.4752934723
7.3417346250 0.1838165016
7.3434446118 1.6580145890
7.3437500000 0.0000000000
7.3437500000 2.0000000000
7.3500174344 1.8339737317
7.3538498862 1.1433372411
7.3737405669 1.3111390870
7.3764102814 0.8272791408
7.3811796043 0.5067846012
7.4577851490 0.6609301612
7.4667773303 0.3449022070
7.4954845762 1.5512335318
7.4962025231 0.9969404440
7.5000000000 0.0000000000
7.5000000000 2.0000000000
7.5004105986 0.1872502753
7.5006796558 1.2037531388
7.5044515250 1.7220640330
7.5072225825 1.3856511320
7.5152246902 1.8732357773
7.5248981561 0.8193355876
7.5475407930 0.4956700861
7.6148599831 0.6586794418
7.6243298339 1.1214751378
7.6306042970 0.1464150953
7.6402996265 0.3236546096
7.6507133649 1.6330409520
7.6551293678 1.2912474427
7.6562500000 0.0000000000
7.6562500000 2.0000000000
7.6623449485 1.4596317686
7.6698446080 0.8265887248
7.6774982636 1.8210315853
7.6889409802 0.9850051220
7.7078266086 0.4976917849
7.7696144120 0.6756844456
7.7784432677 0.1738767583
7.7797680336 1.1778583081
7.7967704522 1.6997260979
7.8118722452 1.5402952513
7.8125000000 0.0000000000
7.8125000000 2.0000000000
7.8188900255 0.3446405163
7.8250256968 1.3566749826
7.8311664898 0.8525592853
7.8381462372 1.0265220093
7.8586251556 1.8446768140
7.8636726988 0.5179761237
7.9249576910 0.6836559781
7.9477326323 1.1553379745
7.9490403102 0.2002809925
7.9633531146 1.6848673492
7.9685201545 1.4995848209
7.9687500000 0.0000000000
7.9687500000 2.0000000000
7.9778830717 0.9727421084
7.9878219625 0.3869215583
7.9886171402 0.8126992423
7.9939084139 1.3234212499
8.0146474323 1.8552773596
8.0183913938 0.5536091294
8.0998304491 1.1726955348
8.1106228076 0.1372087372
8.1130353241 0.6916844969
8.1194805997 1.6081455981
8.1240743768 0.8738108687
8.1250000000 0.0000000000
8.1250000000 2.0000000000
8.1259032667 1.4438315636
8.1267297416 1.0390646464
8.1278558062 0.3033340841
8.1333141678 1.7778086630
8.1565824432 1.2874680305
8.1568472039 0.4904379653
8.2626776338 0.8058002971
8.2699729598 0.9643016674
8.2747479350 0.1925137233
8.2763745902 1.8636927403
8.2778142313 1.3594563667
8.2781760033 0.6637471408
8.2787403963 1.5265093863
8.2789365340 1.6905682373
8.2795539140 1.1510771339
8.2812500000 0.0000000000
8.2812500000 2.0000000000
8.2880025896 0.3677504320
8.3159793658 0.5251650654
8.3959495792 1.2791065468
8.4022621215 1.0112038568
8.4209630262 1.7823861128
8.4288990480 0.1291460862
8.4310665226 1.4425622616
8.4318878583 0.8308979931
8.4357132794 0.2903379033
8.4368059809 1.6082893270
8.4375000000 0.0000000000
8.4375000000 2.0000000000
8.4457385697 0.6424319239
8.4519778740 0.4594853864
8.4716773450 1.1564160342
8.5412748013 1.8589794757
8.5536846760 1.3216166817
8.5569298159 1.0108823532
8.5832342156 0.1938912592
8.5833592758 1.6907084820
8.5908213179 0.7205663786
8.5933154976 1.5072842364
8.5937500000 0.0000000000
8.5937500000 2.0000000000
8.5939721386 0.3712104098
8.5979957178 0.5477341142
8.6025675537 0.8737984844
8.6400440816 1.1601479879
8.6903654560 1.8324144162
8.7114261231 1.3244158984
8.7258591347 0.1273534884
8.7329557314 0.9966226399
8.7400077777 0.2902602648
8.7459218679 0.6374169391
8.7475186034 1.4741326658
8.7496272815 0.4570783329
8.7500000000 0.0000000000
8.7500000000 2.0000000000
8.7503713327 0.8107197134
8.7537418144 1.6565691295
8.8007326602 1.1832803875
8.8431960253 1.8294224452
8.8697313307 0.1797902399
8.8777753313 1.5266246709
8.8847793374 1.0485909570
8.8881162960 0.5451034369
8.8897546533 1.3515690604
8.8979010234 0.8919166938
8.9027765302 0.7232762010
8.9062500000 0.0000000000
8.9062500000 2.0000000000
8.9066654246 0.3511774236
8.9329559876 1.6740856641
8.9682065738 1.1880563509
9.0059985221 1.8332975114
9.0155112273 0.1674648150
9.0215232535 0.4685418683
9.0256556465 1.5002642205
9.0386563521 1.0005956715
9.0421942862 0.6323541416
9.0625000000 0.0000000000
9.0625000000 2.0000000000
9.0652700516 0.8162438365
9.0689540872 1.3324591814
9.0910669624 0.3236109788
9.0963517605 1.6620823965
9.1199467567 1.1516306289
9.1665363352 1.8318389835
9.1751274184 0.4914680631
9.1821431248 0.1689725151
9.1929076392 0.6593839868
9.1967947526 1.4773434139
9.2089771846 0.9741190193
9.2187500000 0.0000000000
9.2187500000 2.0000000000
9.2297806419 1.2938304011
9.2328493249 0.8200112696
9.2531068378 1.6685514385
9.2611423675 0.3360811180
9.2648611559 1.1263826931
9.3331849080 1.8349910625
9.3397903035 0.6952969760
9.3451581590 0.5197784725
9.3556875426 1.5337532986
9.3566831834 0.1689799716
9.3702184228 1.3798833182
9.3750000000 0.0000000000
9.3750000000 2.0000000000
9.3888012330 1.0253718222
9.3915908209 1.2100065432
9.3982350967 0.8533944422
9.4175423907 1.6790667699
9.4186120514 0.3479560252
9.4799607931 0.6584203169
9.5128824638 1.8238123915
9.5213401848 1.4824159871
9.5238483014 0.5081007710
9.5292036172 0.1936649601
9.5299302463 1.3027588412
9.5312500000 0.0000000000
9.5312500000 2.0000000000
9.5363628323 1.1227158564
9.5474036326 0.9506668084
9.5610774480 0.7883250339
9.5611821183 1.6471505613
9.5687013878 0.3567869825
9.6624971049 0.6420510398
9.6757210077 1.8725473596
9.6779917348 1.3847032006
9.6815289691 1.2136728765
9.6818515462 0.1281731978
9.6875000000 0.0000000000
9.6875000000 2.0000000000
9.6916804984 1.0392236324
9.6927076343 1.5483874712
9.6941025463 0.4647058595
9.6965277951 1.7201575333
9.7008905074 0.2861712664
9.7068200210 0.8547748525
9.8261078281 0.7014053628
9.8337518156 0.5466387437
9.8343152841 1.3056180046
9.8382755059 1.1482319878
9.8389035284 1.4643901926
9.8392357463 1.8174197115
9.8409754736 0.1860849133
9.8437500000 0.0000000000
9.8437500000 2.0000000000
9.8478453503 0.9882875122
9.8489657025 1.6366009449
9.8499722768 0.3706754043
9.8571064901 0.8406325465
10.0000000000 0.0000000000
10.0000000000 0.1250000000
10.0000000000 0.2500000000
10.0000000000 0.3750000000
10.0000000000 0.5000000000
10.0000000000 0.6250000000
10.0000000000 0.7500000000
10.0000000000 0.8750000000
10.0000000000 1.0000000000
10.0000000000 1.1250000000
10.0000000000 1.2500000000
10.0000000000 1.3750000000
10.0000000000 1.5000000000
10.0000000000 1.6250000000
10.0000000000 1.7500000000
10.0000000000 1.8750000000
10.0000000000 2.0000000000
1544 3
249 255 264
213 215 202
202 200 213
99 114 109
627 629 640
3 29 30
188 174 186
219 212 207
85 97 86
97 101 86
86 101 95
95 82 86
165 182 163
177 182 165
110 101 97
105 118 110
110 97 105
115 118 105
115 130 118
129 130 115
429 421 415
213 200 205
236 240 227
236 227 223
223 227 214
225 212 219
251 240 236
251 254 262
830 839 835
767 777 763
763 777 771
66 71 81
28 15 27
233 222 230
230 222 217
222 233 221
255 249 243
237 243 249
215 224 211
211 202 215
211 217 201
224 217 211
163 182 175
175 168 163
184 168 175
160 170 167
183 181 167
167 170 183
187 179 184
164 170 160
172 168 184
184 179 172
159 168 172
172 164 159
179 164 172
84 93 81
81 71 84
84 82 95
84 71 82
156 168 159
163 168 156
98 84 95
93 84 98
141 133 146
126 133 141
106 109 119
133 126 119
467 479 468
475 479 467
489 479 475
493 479 489
642 640 629
554 539 547
547 539 535
64 69 79
69 76 79
79 76 89
105 97 94
94 97 85
80 94 85
87 94 80
33 31 18
42 36 50
29 36 42
30 29 42
4 3 30
4 25 5
30 25 4
29 3 2
24 18 7
33 18 24
33 24 38
38 24 25
173 166 180
173 180 186
186 174 173
174 161 173
197 188 204
199 188 186
199 207 212
212 204 199
199 204 188
185 188 197
174 188 185
148 161 155
101 110 117
118 130 123
123 110 118
136 123 139
139 123 130
431 422 418
418 422 408
426 411 421
426 437 431
431 418 426
426 418 411
417 423 427
429 415 427
427 415 417
409 423 417
421 411 410
410 415 421
436 437 448
431 437 436
436 422 431
498 499 510
341 332 347
320 341 328
332 341 320
383 370 375
375 370 361
190 205 200
190 182 177
213 205 218
214 227 218
218 203 214
205 203 218
235 227 240
235 218 227
209 223 214
214 203 209
197 204 209
209 204 223
231 225 219
236 223 229
262 254 271
252 243 239
255 243 252
240 251 257
257 251 262
351 366 364
300 292 285
433 446 443
443 428 433
433 442 446
838 839 830
841 835 840
840 835 839
837 838 831
831 838 830
807 806 793
793 806 794
798 787 801
786 787 798
825 835 841
752 767 763
762 776 770
818 806 807
814 806 818
845 833 844
814 818 827
827 818 833
834 851 829
814 813 803
794 806 803
803 806 814
803 790 794
803 813 800
800 790 803
826 827 847
826 813 814
814 827 826
718 713 729
754 765 760
729 737 740
829 851 852
832 852 853
829 852 832
742 746 755
759 766 755
755 746 759
633 635 620
644 635 633
644 645 635
673 686 682
696 710 713
65 63 51
65 51 52
52 61 65
77 63 65
71 66 58
88 93 99
81 93 88
48 66 60
60 75 61
27 15 14
52 51 37
15 28 16
47 35 48
48 60 47
47 60 61
47 61 52
48 35 39
39 26 34
21 35 27
21 14 13
27 14 21
21 39 35
26 39 21
59 57 46
53 59 46
46 38 53
33 38 46
56 57 68
82 71 68
68 58 56
71 58 68
230 217 234
234 217 224
224 237 234
234 237 249
201 217 210
210 217 222
178 192 183
183 170 178
170 164 178
178 164 179
194 181 183
183 192 194
253 249 264
239 243 228
243 237 228
228 215 213
228 224 215
228 237 224
184 175 189
200 202 189
189 175 182
189 190 200
182 190 189
160 167 154
141 146 154
154 146 160
127 134 121
78 90 77
77 65 78
61 75 78
78 65 61
159 164 149
149 164 160
160 146 149
133 119 122
122 119 109
122 109 114
113 119 126
113 103 106
106 119 113
493 489 504
466 453 450
480 469 468
468 479 480
480 479 493
493 492 480
653 640 651
640 642 651
570 582 577
594 608 607
62 76 69
64 79 72
72 79 87
87 80 72
74 80 85
85 86 74
20 18 31
31 43 20
20 43 32
7 18 8
8 20 9
18 20 8
22 36 29
22 2 1
29 2 22
55 42 50
50 62 55
55 62 69
55 69 64
53 38 41
30 42 41
41 25 30
41 38 25
6 24 7
5 25 6
25 24 6
207 199 193
186 180 193
193 199 186
171 185 176
155 161 171
171 161 174
174 185 171
169 176 177
177 165 169
144 134 127
131 117 110
110 123 131
131 123 136
138 139 130
138 130 129
138 148 155
155 139 138
112 125 124
112 104 102
92 79 89
89 102 92
92 102 104
87 79 92
100 115 105
87 92 100
100 92 104
105 94 100
100 94 87
434 421 429
434 426 421
405 418 408
411 418 405
413 409 400
424 423 413
423 409 413
400 409 396
415 410 402
442 436 451
451 436 448
555 547 540
540 547 535
535 526 540
520 526 513
513 510 499
534 519 525
525 539 534
535 539 525
519 504 503
503 504 489
462 451 448
475 467 462
467 451 462
461 462 448
474 461 471
475 462 474
462 461 474
473 471 460
328 341 333
333 341 346
354 341 347
346 341 354
316 320 328
335 330 323
347 332 343
332 330 343
343 335 349
330 335 343
370 374 360
360 354 347
387 383 375
400 396 387
387 396 383
195 185 197
176 185 195
197 209 195
195 209 203
205 190 191
191 203 205
191 195 203
191 190 177
177 176 191
176 195 191
250 235 240
240 257 250
250 257 263
239 235 250
250 252 239
263 252 250
226 235 239
226 228 213
239 228 226
213 218 226
218 235 226
245 258 260
248 245 260
260 254 248
260 258 269
260 271 254
238 231 245
238 245 248
225 231 238
248 229 238
238 229 225
242 251 236
236 229 242
254 251 242
248 254 242
242 229 248
225 229 216
212 225 216
216 204 212
223 204 216
216 229 223
263 257 274
296 308 294
294 286 296
297 309 296
296 309 308
323 330 319
319 309 323
308 309 319
320 308 319
332 320 319
319 330 332
297 296 282
282 296 286
255 252 265
265 252 263
289 292 302
348 351 364
348 345 334
425 432 439
450 453 439
420 432 425
406 412 420
428 432 420
420 412 428
443 454 440
440 454 450
440 428 443
440 432 428
450 439 440
440 439 432
350 355 362
342 331 344
329 331 342
338 355 350
329 342 338
406 401 393
376 362 368
368 362 355
353 342 344
355 338 353
353 338 342
373 389 381
801 787 797
816 831 815
815 831 830
815 804 816
802 804 815
777 767 781
786 798 795
795 798 808
795 781 786
795 808 807
807 793 795
795 793 777
777 781 795
784 771 777
777 793 784
784 793 794
842 825 841
843 824 842
842 824 825
835 825 820
775 787 786
786 781 775
767 764 775
775 781 767
743 738 753
753 752 743
753 764 767
767 752 753
743 752 736
736 745 732
761 769 773
787 775 773
773 764 761
773 775 764
760 769 756
756 769 761
756 740 737
788 790 800
776 790 788
768 776 762
762 751 768
759 746 757
757 770 759
762 770 757
833 818 823
807 808 823
823 818 807
843 844 836
836 824 843
836 844 833
833 823 836
836 823 824
847 827 846
846 833 845
846 827 833
850 834 849
851 834 850
848 826 847
849 834 828
828 848 849
826 848 828
813 826 828
717 712 699
725 738 743
725 712 717
713 718 705
705 696 713
741 754 747
747 754 760
760 756 747
747 756 737
727 710 715
730 740 738
738 725 730
730 718 729
729 740 730
717 718 730
730 725 717
738 740 750
750 753 738
750 756 761
740 756 750
761 764 750
764 753 750
792 799 805
812 832 817
829 832 812
817 805 812
812 805 799
772 779 766
772 766 759
759 770 772
654 645 662
633 620 622
607 608 622
622 620 607
648 644 633
662 645 656
645 644 656
656 648 660
644 648 656
680 676 693
682 686 703
703 696 682
715 710 703
710 696 703
49 58 66
49 66 48
48 39 49
49 39 34
34 32 45
45 49 34
58 49 45
32 43 45
56 58 45
45 43 56
81 88 73
73 88 75
75 60 73
73 66 81
73 60 66
11 26 12
12 21 13
26 21 12
28 37 23
17 16 23
23 16 28
52 37 40
40 37 28
40 47 52
35 47 40
40 28 27
27 35 40
44 46 57
44 43 31
44 31 33
33 46 44
44 57 56
56 43 44
82 68 70
70 68 57
70 86 82
70 74 86
70 57 59
59 74 70
220 221 232
232 221 233
196 187 201
201 210 196
179 187 196
196 178 179
192 178 196
222 221 206
206 210 222
206 194 192
192 196 206
206 196 210
266 253 264
230 234 241
241 234 249
249 253 241
307 295 311
198 187 184
184 189 198
198 189 202
202 211 198
198 211 201
201 187 198
93 98 108
99 93 108
108 114 99
108 121 114
90 78 91
103 90 91
106 103 91
147 156 159
147 144 156
134 144 147
128 122 114
114 121 128
128 121 134
408 422 416
416 404 408
407 404 416
478 466 476
443 446 458
458 454 443
469 454 458
468 469 458
501 488 492
469 480 481
481 476 469
488 476 481
481 480 492
492 488 481
518 506 511
507 501 492
507 492 493
493 504 507
634 623 639
623 624 639
639 649 634
652 649 639
636 643 647
647 638 636
617 614 627
554 565 568
599 581 590
655 651 642
642 654 655
628 629 616
616 629 627
627 614 616
614 604 616
596 604 614
635 645 630
630 620 635
630 618 620
628 618 630
592 594 607
582 594 592
577 582 592
607 620 606
620 618 606
606 592 607
597 592 606
587 597 602
586 597 587
587 569 586
586 569 577
577 592 586
586 592 597
577 569 564
564 570 577
556 570 564
573 569 587
573 567 555
559 567 565
559 565 554
554 547 559
559 547 555
555 567 559
67 72 80
67 59 53
64 72 67
67 74 59
80 74 67
9 20 10
42 55 54
54 41 42
54 55 64
53 41 54
54 67 53
64 67 54
165 151 158
158 169 165
163 156 152
156 144 152
152 165 163
152 151 165
137 144 127
151 152 137
137 152 144
111 108 98
121 108 111
127 121 111
111 120 127
107 98 95
95 101 107
107 111 98
120 111 107
101 117 107
117 120 107
116 124 129
129 115 116
116 104 112
112 124 116
115 100 116
116 100 104
140 124 125
382 377 391
382 389 373
434 447 444
437 426 444
426 434 444
448 437 444
403 402 392
403 409 417
403 396 409
417 415 403
415 402 403
383 396 386
392 374 386
386 403 392
396 403 386
386 374 370
370 383 386
446 442 456
442 451 456
456 451 467
456 467 468
468 458 456
456 458 446
482 485 494
477 485 472
472 485 482
490 485 477
490 505 502
502 494 490
490 494 485
452 445 438
438 423 424
438 445 423
435 427 423
423 445 435
533 526 520
533 540 526
535 525 523
523 526 535
523 513 526
510 513 523
512 525 519
519 503 512
510 523 512
512 523 525
484 474 471
471 473 484
487 489 475
475 474 487
487 503 489
487 484 498
474 484 487
346 351 339
339 333 346
346 354 367
367 360 374
354 360 367
349 361 356
356 343 349
356 361 370
370 360 356
347 343 356
356 360 347
399 402 410
399 410 411
391 377 378
378 385 391
364 366 378
378 377 364
398 405 391
391 385 398
385 399 398
411 405 398
398 399 411
275 260 269
269 282 275
275 282 286
275 286 271
271 260 275
288 280 271
288 286 294
271 286 288
280 288 299
299 288 294
290 300 285
303 300 290
285 274 290
274 280 290
290 299 303
280 299 290
262 271 267
271 280 267
267 280 274
267 257 262
267 274 257
273 265 263
273 274 285
263 274 273
289 302 287
292 300 305
305 302 292
326 325 311
419 433 428
428 412 419
419 412 407
407 416 419
414 420 425
414 401 406
406 420 414
345 359 352
357 359 345
357 348 364
345 348 357
324 338 336
336 338 350
376 393 388
388 393 401
406 393 397
407 412 397
397 412 406
379 393 376
376 368 379
371 379 365
365 379 368
365 368 355
355 353 365
363 381 371
363 352 359
363 359 373
373 381 363
344 352 363
363 353 344
371 365 363
363 365 353
394 381 389
394 404 407
389 404 394
407 397 394
802 797 789
791 804 789
789 804 802
789 778 791
830 835 822
822 815 830
835 820 822
802 815 822
811 823 808
824 823 811
808 798 811
825 824 811
811 820 825
811 798 801
801 820 811
722 736 732
749 736 752
745 736 749
749 752 763
783 773 769
783 789 797
783 797 787
787 773 783
794 790 780
780 784 794
780 790 776
776 768 780
771 784 780
780 768 771
771 768 758
758 768 751
751 745 758
745 749 758
763 771 758
758 749 763
748 751 762
762 757 748
706 699 693
693 705 706
706 705 718
706 718 717
717 699 706
693 676 690
690 705 693
682 696 690
696 705 690
741 747 735
735 747 737
735 727 741
821 834 829
829 812 821
821 812 799
799 809 821
782 772 770
782 770 776
776 788 782
796 809 799
796 782 788
796 788 800
800 809 796
658 652 646
732 745 734
734 745 751
670 673 682
660 673 670
670 656 660
682 690 670
670 690 676
670 676 662
662 656 670
693 699 683
683 680 693
259 256 270
270 256 268
261 266 276
253 266 261
276 268 261
261 268 256
246 232 244
244 232 233
244 259 246
256 259 244
194 206 208
208 221 220
208 206 221
311 325 317
317 307 311
317 325 331
317 331 329
96 109 106
106 91 96
99 109 96
96 88 99
134 147 143
143 128 134
159 149 143
143 147 159
430 416 422
430 436 442
422 436 430
442 433 430
433 419 430
430 419 416
463 466 450
463 476 466
450 454 463
463 454 469
469 476 463
478 476 497
497 476 488
511 506 497
497 501 511
488 501 497
531 518 524
524 518 511
534 539 548
548 538 534
548 539 554
527 538 536
527 519 534
534 538 527
621 624 612
661 649 652
646 652 637
652 639 637
637 631 646
621 631 637
637 624 621
637 639 624
638 631 619
619 631 621
659 658 646
671 658 659
611 617 625
615 611 625
614 617 603
590 596 603
603 596 614
603 617 611
603 599 590
611 599 603
651 655 664
653 651 664
664 665 653
668 683 677
680 683 668
677 664 668
668 664 655
579 573 587
567 573 579
628 630 641
641 654 642
645 654 641
641 630 645
641 629 628
641 642 629
613 618 628
628 616 613
613 606 618
613 616 604
604 602 613
597 606 613
613 602 597
561 573 555
569 573 561
11 10 19
19 26 11
19 20 32
19 10 20
19 32 34
34 26 19
150 139 155
136 139 150
169 158 150
151 137 145
145 131 136
145 158 151
136 150 145
145 150 158
132 120 117
117 131 132
127 120 132
132 137 127
131 145 132
132 145 137
124 140 142
129 124 142
142 138 129
148 138 142
389 382 395
408 404 395
395 404 389
395 405 408
391 405 395
395 382 391
455 461 448
448 444 455
460 471 455
471 461 455
455 447 460
455 444 447
505 517 516
502 505 516
516 517 530
482 494 496
496 483 482
477 472 465
459 445 452
452 465 459
459 465 472
500 512 503
500 487 498
503 487 500
498 510 500
510 512 500
473 483 486
486 499 498
498 484 486
486 484 473
351 348 337
337 339 351
337 348 334
339 337 327
372 378 366
385 378 372
306 299 294
316 299 306
320 316 306
294 308 306
306 308 320
265 273 278
278 292 289
285 292 278
278 273 285
276 266 281
311 295 293
293 302 311
293 287 302
295 281 293
293 281 287
289 287 272
264 255 272
255 265 272
272 278 289
265 278 272
325 326 340
345 352 340
334 345 340
340 326 334
331 325 340
344 331 340
340 352 344
364 377 369
369 357 364
377 382 369
369 382 373
373 359 369
359 357 369
371 381 384
381 394 384
384 394 397
384 379 371
384 397 393
393 379 384
810 797 802
802 822 810
801 797 810
810 820 801
810 822 820
712 725 731
731 722 712
731 725 743
743 736 731
736 722 731
774 783 769
789 783 774
774 769 760
778 789 774
765 778 774
760 765 774
657 647 643
657 643 653
653 665 657
675 664 677
665 664 675
710 727 723
727 735 723
713 710 723
729 713 723
723 737 729
723 735 737
819 821 809
813 828 819
819 828 834
834 821 819
800 813 819
819 809 800
772 782 785
782 796 785
792 779 785
779 772 785
785 799 792
785 796 799
716 720 728
733 746 742
742 728 733
733 728 720
700 714 701
711 714 700
701 684 700
700 684 688
694 683 699
694 699 712
247 241 253
253 261 247
230 241 247
247 261 256
256 244 247
247 233 230
247 244 233
318 338 324
329 338 318
315 317 329
307 317 315
329 318 315
315 318 304
75 88 83
88 96 83
83 78 75
83 91 78
83 96 91
122 128 135
128 143 135
135 143 149
133 122 135
135 146 133
135 149 146
478 497 491
491 497 506
511 501 515
515 524 511
528 524 515
501 507 515
531 524 537
537 524 528
522 527 536
522 515 507
536 528 522
528 515 522
609 595 601
601 612 609
609 624 623
609 612 624
583 571 576
601 595 583
574 558 572
674 661 666
666 658 671
652 658 666
666 661 652
626 619 615
638 619 626
636 638 626
626 625 636
615 625 626
647 657 663
650 659 646
646 631 650
650 631 638
638 647 650
647 663 650
650 663 659
678 688 672
672 663 678
659 663 672
671 659 672
672 684 671
688 684 672
632 625 617
632 643 636
636 625 632
632 640 653
653 643 632
627 640 632
632 617 627
667 655 654
667 668 655
680 668 667
667 654 662
662 676 667
676 680 667
565 567 578
567 579 578
590 581 578
578 596 590
578 579 596
578 568 565
581 568 578
591 602 604
604 596 591
596 579 591
587 602 591
591 579 587
520 521 532
532 533 520
569 561 553
546 561 555
555 540 546
540 533 546
546 553 561
543 553 546
533 532 546
546 532 543
155 171 162
162 150 155
169 150 162
162 171 176
176 169 162
157 140 153
157 142 140
148 142 157
153 166 157
166 173 157
157 173 161
161 148 157
509 521 520
502 516 509
509 516 521
509 494 502
509 496 494
449 435 445
445 459 449
499 486 495
483 496 495
495 486 483
313 300 303
313 305 300
328 333 322
327 313 322
333 339 322
339 327 322
322 316 328
321 337 334
321 327 337
334 326 321
305 313 321
321 313 327
358 372 366
367 372 358
346 367 358
358 351 346
366 351 358
380 372 367
380 374 392
380 367 374
277 281 266
287 281 277
277 266 264
264 272 277
277 272 287
711 707 721
732 734 721
669 675 689
665 675 669
669 657 665
678 663 669
669 663 657
707 702 719
719 722 732
732 721 719
719 721 707
704 697 716
704 687 697
679 687 674
674 666 679
679 666 671
744 757 746
746 733 744
744 748 757
701 714 709
709 697 701
716 697 709
709 720 716
698 707 711
711 700 698
698 700 688
698 702 707
685 675 677
689 675 685
677 683 685
683 694 685
695 694 712
695 702 689
689 685 695
695 685 694
301 315 304
295 307 301
307 315 301
301 281 295
310 298 304
310 318 324
304 318 310
270 268 279
550 557 545
531 537 545
545 537 550
571 557 563
576 571 563
563 557 550
563 574 576
550 558 563
558 574 563
542 537 528
550 537 542
542 558 550
542 528 536
536 538 549
549 542 536
558 542 549
514 507 504
514 522 507
527 522 514
514 504 519
519 527 514
538 548 551
551 549 538
585 574 572
615 619 605
544 541 530
556 541 544
529 516 530
530 541 529
521 516 529
529 541 543
529 532 521
543 532 529
556 564 552
552 541 556
552 564 569
569 553 552
543 541 552
552 553 543
441 434 429
441 447 434
435 449 441
429 427 441
427 435 441
470 473 460
470 483 473
464 459 472
464 449 459
464 472 482
482 483 464
483 470 464
496 509 508
508 495 496
508 509 520
499 495 508
520 513 508
508 513 499
316 322 312
303 299 312
312 299 316
312 313 303
312 322 313
305 321 314
314 321 326
302 305 314
311 302 314
314 326 311
392 402 390
390 380 392
402 399 390
390 399 385
385 372 390
372 380 390
678 669 681
681 669 689
689 702 681
697 687 691
687 679 691
701 697 691
691 684 701
671 684 691
691 679 671
748 744 739
751 748 739
739 734 751
720 709 724
724 709 714
724 733 720
724 744 733
708 719 702
702 695 708
722 719 708
712 722 708
708 695 712
270 279 283
284 268 276
284 279 268
276 281 284
281 301 284
581 599 589
566 551 562
562 551 548
554 568 562
562 548 554
560 551 566
549 551 560
560 566 572
572 558 560
558 549 560
588 583 576
601 583 588
576 574 588
574 585 588
584 585 572
572 566 584
566 580 584
593 585 584
610 619 621
610 605 619
621 612 610
593 605 610
457 441 449
449 464 457
457 464 470
447 441 457
460 447 457
457 470 460
692 698 688
692 688 678
678 681 692
702 698 692
692 681 702
726 721 734
734 739 726
711 721 726
726 714 711
726 724 714
726 739 744
744 724 726
291 301 304
291 284 301
279 284 291
304 298 291
298 283 291
291 283 279
600 589 599
600 611 615
600 599 611
615 605 600
580 589 600
600 605 593
593 584 600
600 584 580
575 589 580
575 580 566
566 562 575
575 562 568
575 568 581
581 589 575
598 585 593
593 610 598
601 588 598
598 588 585
598 612 601
598 610 612
